-851052685
-1026653004
17839950
1528848718
-350442899
702260121
1542520495
-1726042386
-306735870
-213882854
-1725140077
-1054152158
1031690332
-416601520
-1342907015
1374667983
763151089
-1705688972
1869610453
-117485737
-1627966749
-792282257
-1746185455
-2114381489
1408776872
-448735055
1289947096
690301301
-2097058835
1140669761
-168684911
-1548615455
474180791
-71479788
287721769
1743986041
-1872774453
1275476387
-543462123
65056682
-67583664
-803502409
1374450583
653293396
2021336242
1829977222
-851800513
694877189
869624008
-881068029
-1350715468
2111804521
1954633016
-1010924942
1254803636
2089611521
395623450
1961475386
259479896
867900947
-1983543589
-1993279746
-54267236
1717514465
78064995
-1890451987
590959646
590353437
-1524237446
-40271015
57528870
-1797838949
296142951
-275667834
464785382
-10574008
326632666
-1815106364
-947611134
-1431630502
447431435
2031314112
814228817
-1930697784
-616784606
-96763114
54556133
1707325693
1893703129
1152913961
-1398132152
447622087
35622751
1180491575
1796351752
841368213
503010431
-217889113
-2030256522
1686012385