820834
130121
913722
751774
281461
267954
148167
546491
974008
877171
138283
761449
581264
949489
10906
336210
723589
959836
514453
349635
133762
272301
28488
550917
757002
36367
513731
769034
722232
965978
33747
426627
325360
86202
282364
817102
322792
415854
329750
461069
844301
831596
468610
9618
268883
612131
65991
834486
642076
119192
710988
303113
340612
812146
310132
490723
243591
133905
570322
782105
511696
716760
356999
139468
611934
309003
216127
875739
51861
540436
875524
647928
341023
166880
907645
798616
339965
766758
326600
763140
969518
348360
690351
440525
323578
206738
945033
982172
962907
437471
743344
277671
721609
348954
466970
208960
597537
505442
289174
691080
797617
619143
569509
701376
213346
991857
557555
930880
78722
778593
613232
112960
564718
679567
924624
355731
884249
841713
701403
901876
291195
671133
116081
222265
749336
417925
684126
251044
99691
587938
310294
267417
213871
147628
312845
139945
92107
748933
22069
444620
786072
870005
257493
585134
483920
646352
553411
40416
654676
877684
436670
715375
730201
178287
421354
668434
187505
325693
405544
268604
306290
265070
36433
41170
940421
433958
928848
604791
690444
22591
94489
333250
554737
925385
863754
565905
549512
28081
783388
662263
790688
901823
811013
951377
102571
843577
53230
893302
912711
671653
798284
668748
783976
604332
951902
844983
407716
559386
609473
528877
524059
140994
721331
218405
12353
659647
307746
720046
557130
600981
937008
601372
228721
960309
578630
279325
333988
162463
839762
296233
594895
223394
345886
835224
414083
112575
182094
288397
272195
852524
97846
894864
30635
83572
859542
97018
225342
539387
361075
461321
666762
368991
761362
126996
280698
648059
904212
154136
760120
553093
351273
692400
754748
641879
146418
383331
481590
396107
87351
813271
446100
611839
479490
529188
692528
763448
994902
427524
538074
67682
421839
361894
785085
801141
549719
234401
439600
612020
322562
293190
569371
913935
649543
914510
529220
826729
867420
355506
44469
116468
860525
649434
692556
308855
873144
837677
9567
583153
521288
453639
56457
207064
903883
118601
197206
228602
908754
736521
392263
144453
305190
106026
188674
292898
859969
424903
985049
335995
164976
132105
135925
911389
321027
59544
396894
6969
599469
175470
24170
332485
42751
252807
968705
780608
346620
941813
836809
437586
240344
515728
726514
640721
822866
956298
903199
285856
315435
621344
336623
720370
759681
413676
534440
95084
261645
386071
772416
711913
314741
174829
180231
457751
242127
54921
706740
527550
536308
337647
93130
167201
196092
383224
394598
114365
547867
474536
902760
161134
941399
767643
515644
735665
747813
271262
13892
421828
24544
387483
922275
650410
524325
674540
250665
542347
770573
285712
813974
587959
478728
58043
321741
286795
970322
778439
936343
642092
150293
990601
529424
713393
310811
421759
194162
469725
798318
235493
194171
465353
499215
991014
721342
702496
741007
574512
16964
289540
285388
880416
621020
92879
670731
247964
990278
747444
794735
977920
844152
382403
652308
794928
402763
229003
358475
717645
224837
478425
3250
133571
192003
225055
513134
171134
37827
441905
892296
808316
213644
167528
443361
354814
307642
797993
1171
825880
880810
278336
271526
144232
720446
426021
360108
839587
328077
213537
732538
497419
436458
672586
614019
350589
584847
798954
448146
309990
389351
297406
790819
306326
479413
458586
493343
48428
543716
757354
303539
577713
25259
922707
228300
982465
158684
318071
468273
751780
114954
328856
34364
846332
977493
344788
496502
256982
11476
250766
962126
814370
258909
805869
82614
11392
187699
584958
406107
772272
647245
975221
956223
451372
664767
736913
607668
40530
736968
346653
529270
385272
113399
477842
335782
445348
851386
398042
726687
256532
151044
511023
321911
469367
41498
986274
578644
401471
349307
387896
87080
497934
837738
261487
330698
179213
974809
845406
813234
845980
964148
568570
824273
684259
562182
164149
329995
391943
130700
648960
781266
902393
338837
86769
292448
695720
552530
772736
162320
32086
296320
552620
577306
451208
424878
934395
607466
388503
748845
691550
24859
39460
691348
503346
501013
987049
367341
483235
276223
322154
813952
979947
156195
986506
109561
707193
284382
609273
68792
633900
498496
134795
19894
502782
886342
476004
190671
792254
87089
654288
880432
546229
584770
311983
959645
178858
31189
158541
78431
323010
479895
386384
328585
951423
449382
24074
730150
326889
377988
853295
192833
218634
318454
268192
642129
22610
813375
926694
608766
834331
254516
138362
352916
375815
738492
535040
894915
296198
114790
809684
745872
875636
501159
173629
774748
263071
649326
417087
339983
32358
801766
716557
504609
737148
669896
410458
672645
799500
883929
92368
322674
865207
403911
523482
962191
353465
512028
14684
6138
164393
256797
182210
623221
162719
95170
424054
717101
740528
789777
111019
466153
338836
607513
155095
618315
721257
546696
686205
464646
661584
242089
149544
879389
881013
435006
115444
514323
213421
9270
422085
47221
917880
856204
153051
554304
904357
749884
239038
201072
105685
679521
545043
629798
324951
447216
67025
26485
650867
11
985805
259465
350210
207363
999601
852724
142906
373485
142283
919766
379464
165791
44289
700521
856662
902024
2147
885159
565100
922921
14169
480664
337842
129012
382843
458299
804884
899263
307520
414672
541374
792677
866189
528704
372935
303418
249135
189354
195946
415720
319460
82571
707438
53674
998868
954697
167336
247013
620061
479068
514839
523102
320651
290842
818477
284828
184103
241373
174829
59995
702118
698003
135663
371434
115203
421217
358721
402402
591399
264692
58856
148483
128515
202535
263556
675436
383232
206154
185041
586487
675214
256405
46473
509295
189529
347817
419687
330158
340250
574783
813319
37400
185738
430191
253226
447854
211889
56735
624469
857487
199836
906758
810136
587345
812652
552220
553260
178168
838795
120224
134390
753233
606458
837573
443112
86766
729862
106490
539783
391231
401817
415253
835719
775560
325549
679707
227538
380740
515739
760814
760103
750998
620818
31764
345055
30312
20387
470688
818572
138531
631544
634175
829562
364681
542565
227105
320279
282482
567959
418753
598895
260705
702760
772051
657295
363010
649429
565833
951499
199938
253767
793603
712412
65355
711181
698641
627105
377307
231531
897509
302342
333376
49356
752666
820674
916978
694226
600859
181178
536140
300430
645169
834563
392424
925451
195309
590341
959255
841925
327278
560186
398906
752887
470864
50966
198529
525906
807986
463169
879357
445705
123489
64640
384995
250313
99494
179185
969695
25798
585320
632501
473938
670193
765632
655464
615018
799110
580888
119051
401437
614977
567038
107203
819650
19184
262475
314554
624332
217892
801706
354916
739171
489665
630727
798748
571873
754805
549206
533356
490022
981317
287165
296940
508760
239939
681759
811457
182266
935132
641158
339271
912808
544270
62508
558217
953580
13430
348582
761709
446272
855175
876270
873901
76001
38103
567627
617536
30413
512531
811231
808151
156761
424851
585997
706
877808
788553
649093
56371
91372
214098
626925
526939
844170
96687
137389
130929
720270
240781
538775
979729
874226
962816
229362
112897
356364
482190
862306
486606
893243
744104
446709
764245
889229
184180
340876
592349
153841
786757
515492
594402
58131
695212
460544
256941
615258
525288
729653
468574
596730
167544
230673
799692
718582
269650
467305
177283
672694
380780
938238
464300
47424
455671
452299
176074
368662
874219
376366
454816
579372
530301
376752
699121
988933
339054
858547
814175
819881
569853
923191
807029
969861
821309
280585
4544
938015
245121
816968
138200
938803
661235
617365
170236
829231
146372
211286
841691
588296
676605
251559
230575
456247
319668
169247
501636
946132
507483
479930
122327
236685
475891
240936
779225
61443
316254
750065
892243
917313
291921
596547
156579
515033
82792
141786
93412
142621
156115
495306
780716
690295
464430
906732
370798
423590
395439
163427
820544
159317
891320
162058
350392
716250
753805
401659
762223
723464
398303
211710
148327
471793
826823
72589
617993
103035
384142
703041
63431
161437
238889
382426
584224
184183
915842
92975
635970
45836
822065
361648
389961
46301
666122
469653
684069
973794
387343
707430
476058
805991
144390
447205
606242
294338
50022
26843
209453
717421
628139
318910
77640
455300
874505
774908
181659
354012
456444
646758
35021
34429
159998
313212
514882
279998
657490
978577
709508
192828
167742
607323
576191
362678
34389
475673
218982
547272
373746
94881
170548
443394
779777
668741
775053
699237
576951
153441
661571
661497
674210
514756
814004
230542
184346
866425
608272
348685
185431
872689
347448
468985
575261
277326
817858
945160
660818
467545
380504
219248
912658
68289
558672
63061
661834
880633
225236
653751
94592
411257
403300
563190
205373
752475
57938
162954
788827
253590
613086
303771
693737
694053
711983
721008
794740
992006
669680
458367
795192
529758
725317
54818
616611
484665
670313
354923
513410
616496
739302
380174
541067
990116
233455
239741
990533
574822
998493
926289
840792
18233
504004
431203
437037
666863
838706
738043
8641
785967
52484
842272
714380
336856
785508
605966
20872
5888
150434
103302
102688
697942
815022
140799
122614
707429
939952
3898
370641
87545
341636
398643
233634
308764
53269
795635
381937
8377
326293
10755
906729
350306
872150
595451
84348
841389
65800
339320
631668
928121
456015
569707
871256
329102
134400
436878
491383
417507
700921
905971
2387
78649
440090
823029
442989
689636
114276
172047
653610
840041
252588
624587
63775
19331
415163
50002
620606
238272
901381
249506
18716
363017
41925
661343
356382
103550
505201
410112
93440
633727
45919
527466
340673
812168
952116
94554
668334
949364
530308
499067
35978
926690
951308
654039
913495
959797
879239
33834
931652
946229
73776
821650
794867
27027
281941
734883
395430
649801
945685
297624
405701
278176
198710
398052
128910
801163
393829
754790
320729
728305
828939
403514
97735
458696
867144
318187
225927
653149
963662
546247
794052
476976
25949
296844
83567
430523
244630
695486
932516
534611
807487
174426
92667
684776
288658
143204
152494
790311
194370
61917
320226
57406
413259
891089
536788
159039
927476
360012
637153
305950
166436
813101
855921
933972
967518
662290
659970
783398
509915
845427
881805
845760
835075
888715
857494
885179
296455
137072
422421
337086
642910
656452
3260
713280
860953
141252
223333
260907
597669
293245
351834
479388
301149
587295
249024
176903
775434
879018
383648
235064
62520
380805
854675
228852
132533
702893
467594
50046
933865
951434
105720
249717
822157
982622
127132
164123
138441
337430
592174
424688
2030
454787
832677
712381
269709
116258
112931
1260
719346
834263
952126
412692
36800
670585
198252
440083
361258
996614
958218
794836
355916
891639
238857
74673
335588
141807
680694
233842
922864
601421
831780
590898
728356
826528
211767
945506
473032
132730
707664
787431
917036
694941
429648
712095
825865
249107
446859
934785
165110
839066
755851
510178
610883
165115
900542
924564
701046
567035
694013
357033
839135
610283
579193
478165
181786
244506
172484
775026
895841
316331
725817
942876
196299
724161
547722
468604
140197
911062
732004
971939
244716
590571
299713
105804
20836
300378
454921
839236
858199
129543
854246
133925
386605
637557
706019
893245
40485
344757
102335
122190
123758
327480
323988
232047
621476
145990
297247
749776
946922
199815
860012
172699
855456
758975
550367
458933
332673
100503
417696
552675
924124
33686
153188
927114
715373
858735
93909
424463
424152
314739
134622
248989
223809
893863
902740
284932
8202
55024
874180
224318
776810
998187
93461
627598
856486
48857
61850
949186
283375
298039
392631
760407
611801
758380
824684
725563
26803
146460
821251
12589
582599
61338
10066
25665
138991
854778
409646
156863
488338
694339
753260
5675
493690
316356
469461
104928
634387
83774
522661
992278
903043
973310
983808
243650
733216
557966
313714
566748
438162
966465
568289
486908
748103
569965
761874
773598
109772
290742
488980
936133
226639
876356
762444
604539
300782
443862
305374
127925
675963
255920
729462
980373
199439
379824
909104
108426
77959
754879
568042
324179
955104
861346
171811
847904
89579
131184
416976
712793
962477
676382
318011
468280
24085
223030
736344
339665
922010
102503
306790
604082
499313
445045
545982
286629
678440
180241
23996
750610
245602
493635
296135
373185
293807
649539
659902
645950
765127
340200
775424
984725
326500
569528
544664
644541
589305
679774
588612
373969
405778
512377
281184
101241
652297
603152
392756
192743
729634
703908
579287
34045
337220
155806
547646
752909
7189
466856
789092
426744
592752
996568
755032
861559
980037
709126
493534
225208
925582
168830
675907
307040
940202
589649
133697
381487
101976
921030
74890
331650
749713
353326
938228
612849
666113
530645
907330
690200
780900
170388
545227
567091
401210
678660
43082
981667
444774
943693
22337
841613
26217
581788
319178
196706
101493
279475
690619
261689
305905
795162
787829
151319
196425
228403
429450
564881
876718
836011
815304
70665
66097
101325
277542
334036
384567
283760
986250
222460
192730
757905
614005
434913
398045
42363
263692
300538
466633
314978
66628
699129
543592
794704
395752
148429
413021
317879
626570
620353
886494
207525
49796
853377
529168
177429
83881
530557
202302
177505
983822
213990
749237
244181
151918
389846
958718
795744
394494
148300
44728
464228
245262
589332
380754
592364
338904
999238
383267
973949
959849
119845
399526
488965
499753
334631
125653
279024
607113
462740
50400
439770
668167
875399
244554
868639
832673
687057
598625
466317
96276
916093
752536
686907
555983
919791
139010
699123
846265
682342
126125
437706
591004
247328
792153
360081
871020
871709
154644
62756
337400
682811
445299
556383
359596
690240
992431
256881
860096
168631
181977
7368
97601
66033
126907
328044
756922
635884
720397
391784
358911
498642
700881
967906
103701
312728
374091
478220
296833
586503
839264
68851
907436
315288
625995
305397
471983
939255
870134
166608
244097
273130
696187
371989
24954
254923
597750
221435
621763
830001
600838
182735
226013
795757
753825
831241
104394
891248
185105
310203
365531
849290
436687
158050
475287
577229
538170
638239
258181
122960
954356
832895
897111
531023
422170
39478
179507
188336
30621
797419
263135
512033
629378
227821
448008
328028
642674
699715
508014
593996
585406
10720
85296
356810
874228
856501
2095
914304
371095
75553
375394
537902
696957
918532
802678
496907
154826
681201
187231
31107
699012
616705
90944
964703
480020
112900
372275
484483
717016
458579
250357
499152
897959
540033
266097
925098
882274
866800
101031
232851
905459
810495
273977
846518
520101
484193
965266
729536
411744
100169
904435
861353
689791
457601
311004
484049
491088
94874
919635
217797
78375
839614
718036
377952
909919
246433
191509
942030
202351
715926
911924
845868
701412
646846
471615
349707
951232
498267
46688
535700
404655
440899
582179
164549
672930
247535
189414
253785
59083
401267
247004
63238
529011
595784
154173
581216
327867
237061
453006
985563
710253
987565
383624
965934
711998
226337
716328
769362
13922
333814
169298
49321
737484
640289
933282
403836
38977
64335
759121
153885
936408
206289
359105
636587
483984
984885
199910
8116
608525
729840
361552
585333
228785
946039
196505
977468
671379
188908
904039
282671
936543
321525
856734
74405
997962
632425
294693
630385
47984
530852
906708
572224
632651
796282
254455
123928
170066
663752
378945
62528
874092
161062
619793
797119
641103
137080
92697
157820
457530
425956
950385
517316
887883
387934
821303
943083
624893
761694
241504
555529
699010
762996
352288
830310
203385
509746
954994
185008
591692
54983
332356
979048
457769
757739
604227
593630
275419
183990
199294
210385
713348
848268
417081
733048
579641
553395
823505
875870
538170
47941
394438
793768
160141
645696
911530
513970
77110
768635
168101
946584
914580
477044
447394
103889
246490
414660
809882
493301
73961
946163
504571
344671
925895
345064
27124
578605
444927
227897
214688
553252
109845
529121
129932
567537
984483
793103
814311
901770
433236
269787
701445
892979
714492
361363
654800
225309
137491
552564
519435
194728
484237
134645
614596
488521
796759
126908
581718
35015
650927
235828
780760
640416
447008
488694
352870
1096
821273
156836
691018
331089
905641
529237
575622
781222
414746
716458
816320
695409
644903
117503
954954
481821
716315
577469
244622
727157
37831
743373
602515
319787
236639
122215
654574
490613
466673
924040
368135
908882
880259
998338
648198
112875
968073
841389
471387
2452
236032
162683
568168
150513
234666
822954
399371
879862
107942
556498
507211
227206
490923
164446
506398
10173
986657
286039
496660
318025
249756
219740
233060
689331
472949
443886
593618
965820
128775
238248
645753
484258
302275
83212
820090
121026
293105
369592
120705
706199
470148
728631
869745
34720
607384
373171
891116
290848
495434
362312
908160
98303
219764
996469
110577
680462
274435
789228
454431
515560
806967
379849
993364
973875
742455
574559
841196
592710
340175
809709
749665
133477
57031
151215
72178
678311
349665
505681
418864
159033
302
365822
850469
324155
633293
459095
299489
719048
629377
615808
324642
633427
985838
248532
315103
993132
497520
964280
837873
457442
843672
667277
205279
163843
319812
408191
452548
260735
387482
665979
359775
982955
339553
149053
75063
70369
829820
626055
650985
481668
643971
911341
505680
36449
580095
486989
764687
494385
90562
382941
634813
595259
761761
6429
197806
935830
514000
807723
461658
970060
199576
124597
602541
886938
679287
138120
847466
462933
858708
188743
564157
676518
256669
198200
763675
177846
580031
23801
731416
286309
553025
230288
462597
198707
719166
739232
90371
40321
959997
680566
487401
301298
51822
741059
390349
940780
398020
768421
779507
875835
349161
801245
596688
566164
611234
84389
774201
300662
361089
695579
639277
742444
928641
81238
717563
179439
944385
463642
723409
234601
222240
266278
351907
861141
299185
835626
138420
986434
805467
361813
504772
982902
175632
320205
523735
595759
957608
789624
587485
880005
384409
705655
763971
599723
802581
838899
442709
980628
258817
57103
16078
518322
425421
216509
667390
915865
564020
219437
747926
778435
855570
89055
782483
151788
464285
187609
946565
548446
822401
610357
830139
261127
415708
726546
515341
654214
990099
7275
682758
340804
375951
767620
792108
738367
842072
620736
864812
973282
852684
157584
681383
154064
759099
890118
124435
725696
911266
181959
512911
871618
158147
458015
927368
71648
167837
224495
705025
546848
799437
727361
76610
45285
768833
995068
473823
522933
460629
230835
48547
591509
868620
555991
469018
935504
721324
545165
850360
451031
860278
697883
523561
785090
794880
238075
578038
895028
625201
813330
763152
446365
839769
220346
454781
47258
298538
119035
909404
646391
497815
175385
491158
221780
943624
15815
460259
730917
448439
88953
470134
923603
175594
557655
248775
240000
968589
204237
250235
201832
628331
575679
972977
724130
887049
223130
445291
641862
443615
115014
355735
854185
956916
323768
568633
827140
518421
144355
587960
49267
197297
473998
690626
246169
488852
769409
663644
208672
21182
447769
896969
574942
591263
249979
589142
624275
425714
249189
280768
526287
806899
569952
496387
602160
326590
238098
753985
469769
823174
766191
246923
346783
790126
28112
233038
90061
692231
366300
795165
79943
660967
583970
725078
192571
642594
352137
588340
991123
764648
743647
32241
782039
674235
2509
491286
190512
547595
193195
534944
706888
107311
776368
283280
139842
709762
627728
851
256344
159660
520957
614360
41820
671918
635221
990755
317576
842861
205502
279367
83711
743563
11441
455812
883274
746193
636353
295820
348973
268041
873676
20707
520229
606377
130877
49695
60481
608745
499387
591759
245466
958646
979697
488504
788401
880383
329531
730811
190243
566124
618730
301394
799819
334318
181556
866297
227828
391921
734715
479465
721337
152431
270456
409791
639420
586910
894980
640636
235391
244681
666179
497446
935458
998205
14957
719307
356409
288921
475898
229925
991177
298697
485161
257369
314528
545804
736494
91354
688654
956976
208694
94122
275971
861600
173144
145281
453254
505172
230169
142854
503248
110822
925468
313658
801987
571909
583588
390068
855242
49602
56264
431303
247054
54472
494770
855295
983057
208233
41427
181130
748843
646099
661735
650292
773727
166049
957920
106763
252826
222477
714610
837921
720071
564740
457274
551984
209553
873106
295627
609304
722038
585788
255191
539331
954885
450797
389559
811945
562932
567880
421719
100591
888480
659100
410049
417387
56097
609205
452036
799363
265865
773839
273217
506931
939066
964326
979729
874796
117985
786217
951446
385754
792723
635213
212317
804990
581826
9469
33389
25530
851355
509614
215023
816236
778368
721425
333369
746481
113373
593122
478777
597643
781481
76894
842490
945053
199163
536209
136726
116371
293510
592013
46905
121758
806195
493622
20749
631005
746842
807163
300039
998423
769500
539359
220814
530469
169375
726645
662723
594925
489575
953898
264561
376393
115086
220924
986130
309637
147744
620297
924988
165959
184469
819266
988327
55498
272811
422846
818267
745474
293344
125931
110010
382564
733641
628063
896743
354494
415442
389325
316242
994625
471635
899474
515426
80799
286154
234415
719613
363791
239355
548626
549559
735150
687137
977677
111956
1471
226959
808488
575420
571347
847464
551249
285562
520196
342391
691698
887024
867227
757612
722395
361307
500177
884
208222
904703
199859
863220
14458
900015
4446
252257
547503
187899
758250
92542
757297
994998
163748
442035
63799
812898
722867
898119
455666
972731
845659
416186
671131
395741
596384
143618
394085
220946
547970
434208
306258
164668
532007
841821
800098
177627
333079
380966
77733
280508
938593
86913
436274
54783
90842
464107
185072
826499
508549
395408
930001
594160
929678
450982
280735
375840
163569
841191
458414
6570
213368
478441
670962
491277
468449
624283
578601
578230
298333
777438
812600
664750
215285
704190
9812
923171
88904
591627
602263
547026
463023
674584
198259
590925
868353
195279
487682
13998
508146
234095
965243
947800
362518
974436
113217
232742
568708
777730
264597
261620
430357
988381
602988
202502
957644
881223
527452
109080
711119
190183
615728
71298
787284
709042
898330
276936
216535
321225
496456
482108
4039
215663
427535
693904
300353
403429
902212
760380
588467
632292
230378
198216
859619
357559
433093
865463
661832
193970
798733
468944
803542
51410
259006
311754
981335
394547
846412
194899
429429
219048
45812
180861
106260
797755
717230
450693
747804
694017
154495
205058
799636
272024
60010
87335
165802
487743
977734
216180
277071
869331
725419
448959
561727
890722
649606
669979
803486
293294
765324
355938
234110
787456
210955
635493
792253
448037
687516
87148
831563
300490
130997
310508
344458
980463
236379
873412
609294
536843
601204
412147
968643
625149
969403
69851
143790
569065
249484
574122
938380
474615
783967
948075
992918
347364
67217
720104
212838
995523
419934
724665
886708
549076
380076
668590
816441
849983
52032
791316
709108
24622
23123
23848
190346
883972
730815
330582
359688
388093
646228
425772
926277
619299
645960
157280
578531
682410
179082
312122
941748
329833
518007
583455
820920
706485
723110
653180
908036
427548
322142
75019
170687
637115
811367
957637
62919
651452
574397
740132
916913
560304
276641
763540
964588
965829
74955
261173
691846
170084
663290
693583
114633
217770
640171
860627
226174
930816
20712
605194
252433
655065
452087
711709
774612
410823
156468
676223
94622
833915
555385
719163
578892
818007
703737
65045
225383
807666
332780
384352
207910
327079
495524
702684
486794
782810
13823
996233
52007
846665
846901
781644
815747
264394
888913
793853
869911
947302
891325
458571
724146
769618
557173
809613
526973
197254
639902
732902
274073
930557
901552
75411
997349
190535
809421
377428
60251
200014
254070
807476
673434
68003
492947
72183
614142
787076
600367
596576
57195
523885
308743
539164
205673
101079
993911
107022
733225
411537
203349
6520
455014
666298
489433
512898
612327
80793
569977
702378
498721
53849
65492
76297
258809
312548
264708
930622
785126
313050
297558
540409
443701
234798
806038
770342
799910
926493
77699
533491
791540
400460
953441
286848
731122
723006
94958
532963
226001
101935
141164
429268
628286
362383
346717
70524
277608
431198
207757
172053
598239
249632
521673
977469
440984
544766
196653
131293
241869
808569
32475
882416
374017
82635
995784
386931
621217
729948
296880
736872
207558
56541
326058
418950
856791
329797
661654
387584
693708
94374
93298
337776
336269
215019
892556
863008
781688
742192
463314
760117
678146
447998
356165
89401
243765
636386
997004
482819
656791
75240
249765
518341
983467
614585
203062
57202
482705
183502
15426
829898
749512
360720
799159
540291
599508
62862
450275
734037
562619
550106
563719
348899
782825
410561
29508
438465
729459
50084
654834
186534
772984
941751
839696
621679
665124
478294
467349
355405
53518
255935
611429
570125
50049
902704
16991
359747
898776
525022
929619
89682
441474
924111
808593
610905
277478
355349
805852
896317
821728
716647
241406
770319
218984
603165
62069
554330
348244
121288
52043
445196
548212
281771
913091
864446
721563
147290
223727
605986
769597
501742
258399
594952
376244
557154
194164
529037
727901
316622
898578
316512
313055
264957
954675
512946
664267
918253
526809
177402
145951
621794
352732
757986
674661
776295
621345
990289
288313
975394
691819
877334
691495
322835
923275
71790
583666
669417
306995
676402
261298
101249
167721
386144
395989
886396
375767
648260
497222
183419
702014
52482
540778
651897
149963
212931
958407
596486
407746
346554
140223
499932
116567
239698
397627
885216
141148
509750
458595
857846
830419
899900
462089
158017
998565
991470
402981
94518
799852
435767
450427
536284
285035
901031
855897
430050
553309
24355
880956
328540
759530
712876
816850
722780
733174
251466
603995
565225
316308
700436
745129
328927
361689
526879
737222
595234
836042
97153
102644
750912
123895
996993
32783
782947
893729
499933
496207
862319
290582
33974
456618
145534
867742
605980
784086
368437
214414
788594
579948
621763
303161
407934
734056
223798
543302
418447
441869
153849
90973
273355
392357
105966
58875
44948
59366
808996
688934
42455
988529
679605
985914
662577
728051
524223
758113
442237
543534
662013
927201
470206
752722
374209
536463
326502
64901
195792
505057
62209
311106
263450
218465
638337
227165
687572
996990
510182
700709
930548
996989
968074
660834
247240
750284
353798
183997
981044
948663
182852
783679
120390
2484
498851
440690
740343
901720
828992
652387
145729
907692
28008
750089
184599
553691
932566
945024
557574
686978
27242
48046
730918
863466
839465
604230
886908
211858
670059
808299
634544
768292
268901
831020
385829
829450
232083
202414
228922
989466
149698
250215
275037
42541
881335
462918
234055
417933
73728
279281
30616
433612
801365
67174
353679
927090
557545
823043
321893
924174
847891
789473
270663
300205
718868
77594
105455
781289
841668
994283
161438
507928
874270
73845
198520
467366
139620
358238
383739
949309
745136
702100
277085
785184
466393
813554
444866
388375
656382
733051
183703
312261
587186
443330
848910
404565
287108
322924
787766
365267
998441
231374
446645
792151
315016
60592
440357
51035
39010
342579
655177
720110
628573
69582
741291
163394
544940
905204
322643
363871
99676
233362
125670
767674
234428
926964
864216
496801
882922
543303
672335
669773
579382
140537
969814
758938
160566
705085
957050
783314
729574
390442
920389
46117
441593
630531
25492
497589
677760
707793
377879
40782
411830
93741
997925
412275
167142
2266
149690
725267
632313
575502
190990
170267
785888
729297
632850
540005
559962
81087
43593
764557
640738
985768
269313
115236
815481
107990
269038
703294
840907
359278
832993
995174
892352
595439
145706
109042
605026
139864
214919
519025
520486
195110
376775
864896
898713
334395
492799
77308
481128
824218
782952
673105
13516
774735
914516
710001
428624
438764
633611
361313
299392
957677
51846
794221
361072
389373
187271
396348
720422
254354
828947
534974
356901
658355
348045
318082
895063
367897
453105
847523
20118
399155
329705
798114
21207
269828
276879
978320
915123
873128
28864
528546
97683
202868
822361
533095
175992
509690
45969
898197
979237
649132
687859
426047
706601
671256
773046
386595
251404
192017
765818
614111
468374
327726
867810
935620
285814
118060
412360
85507
577878
281583
493217
396548
770361
37989
59375
401174
461837
768203
912861
559808
461075
625226
974202
590518
176807
626041
376917
500776
26670
609734
308593
759476
716316
636078
239013
726139
950240
387753
750547
881872
327852
952612
69762
114509
655012
744870
127387
568448
578530
206100
881725
326467
311716
430544
255741
611561
218835
75579
945533
595540
196592
516827
385191
644708
94813
295448
794439
881290
949958
615713
559811
713210
107690
368556
49911
714687
778122
300698
583537
166632
800364
959224
612742
680416
658444
193250
406863
743323
670816
729794
920835
531117
235719
202422
784434
98485
69325
398352
47644
178998
36701
127670
822380
17926
312580
119658
163092
12959
957661
378020
376966
459666
300511
664283
603148
686428
821247
777316
967428
701713
913859
271857
943932
228981
15973
196474
231846
351786
77600
812024
354616
765955
968922
282638
868706
583414
695469
861635
552429
415600
962323
704106
599213
207043
699054
827683
68322
346363
725234
171258
844401
821838
736304
729068
924282
232113
822079
412938
197846
167175
63433
50935
493358
646900
839791
990539
741883
203536
47514
215194
794581
184824
887456
161743
207354
347326
432718
669873
880798
847936
805144
184584
483625
69206
811418
16345
671122
627621
297994
839884
65942
413904
23165
175599
303124
95631
702802
55635
550280
929944
584895
807188
705570
839481
71286
118582
232770
63815
433395
932331
86995
318704
594725
226482
31553
999341
948598
328729
18264
197460
993849
296355
755578
772170
150127
877764
157821
220118
334902
309577
870367
175440
692623
384532
576294
203832
162442
661445
962649
850275
817680
192757
514580
376143
193741
6684
287244
505752
794488
895826
478432
29636
778496
514163
992407
14008
155349
559195
531772
351246
650063
217424
686803
509310
407423
324479
775799
787705
923985
797535
123473
573268
48730
691954
441207
117537
550660
155050
226079
999962
438419
716072
423678
390199
499731
155615
262145
700767
55392
662231
334247
232826
897554
109774
448121
722917
708547
348473
365991
331071
476158
789544
586305
338336
560069
603527
451982
102186
557567
246976
379148
412599
984124
234686
311685
539378
732134
639821
281035
718850
267271
477597
467152
486176
477937
338790
626980
652681
129422
665061
920587
549199
857412
941316
41338
869131
884420
749847
711150
577197
928048
460099
588138
659252
411303
837945
307339
743096
99630
3040
666249
35812
6972
105873
86092
261506
511074
354684
846952
240623
46421
283687
937271
107629
89561
902935
612498
821207
277196
408007
938860
211951
469069
924245
844810
829268
566983
872892
630051
195919
522142
920444
639248
294732
93172
92438
19183
392805
538200
411763
30234
835930
484684
208485
519487
314077
430385
459077
55772
994314
616081
463930
449306
239668
619465
800795
858818
421083
250513
548780
780000
401017
455209
892741
445427
308795
669026
568913
954637
994253
459655
743985
144590
250446
339430
352000
971575
72867
777534
353138
348525
28391
187718
172821
795853
944128
767960
538938
259174
784141
42808
749485
777559
683579
217221
561503
774022
714295
583867
551717
786106
723646
155747
500889
3926
22480
826904
812574
343411
458178
96374
241794
378904
998067
972512
849532
863065
618903
517678
828628
524041
607343
810994
244002
510557
677593
244197
607598
410654
105603
274739
812535
759498
938299
794208
603983
86344
48994
318101
420707
855687
98880
129931
391001
509874
490865
300179
485394
278289
388092
632063
795854
511487
614084
244721
906031
62020
109591
948542
392790
373774
779491
471358
971306
679441
34313
337138
232695
373112
811658
754962
34610
627526
214879
132787
182299
243342
2149
101522
458491
172043
917812
345536
345549
783965
722064
780457
749881
47649
974008
890882
635387
316459
994140
237391
513954
498979
612908
250894
394293
368633
487628
678275
235568
964614
948707
272609
393260
242560
428243
112722
654044
192538
570947
584483
263155
435638
56855
361231
910052
966472
521857
752103
829057
412104
902897
835162
548997
936211
379176
899111
574317
43231
686890
125468
190720
400601
250514
121033
706480
36381
908991
28678
547417
999825
452652
291358
914790
360607
397534
264215
117011
110285
993846
454943
179340
956410
355558
475733
168757
990519
449665
73264
954627
891519
41642
819984
948359
717268
738158
393951
541771
983672
55918
576164
377109
432326
866421
371684
836872
893163
828904
665653
18538
486275
395739
667552
799681
969620
956160
925106
320534
969377
228858
369888
162907
528044
422224
67028
867944
332428
528956
133976
18785
435942
758755
215902
665908
120267
144544
97001
760831
372590
472953
789980
899150
233024
469107
489309
425154
31402
20994
414054
413197
898406
276248
574504
204249
333115
103198
489947
515336
601171
883008
240423
857302
225530
246755
117288
315675
869621
889138
712482
658094
694461
943254
796289
892259
533335
991748
838730
418420
181393
793136
436772
433725
572826
775007
892221
826081
152255
941530
152858
725451
935806
112510
892415
440655
770249
244720
343799
115694
460248
718383
467777
638392
753771
780482
732631
590412
216667
18768
285276
227963
921564
426382
402209
217419
246866
958546
217748
130583
78540
955847
713221
999316
486305
171834
868566
620590
85349
998288
245631
857360
632776
710746
852540
868355
358220
94529
293075
533806
80418
420636
387013
654907
866015
356513
108817
293467
644448
105975
833823
587743
223159
597673
673232
748423
24976
382775
243423
332440
379237
714055
579380
764326
620505
452537
836933
957874
418869
318551
60841
645932
580670
747435
504891
153881
427183
958315
71975
367823
640536
77200
985556
263198
85203
809285
661166
709961
875294
36794
398735
17138
942042
450711
416713
12627
771935
881550
636946
203240
839866
136905
70541
161963
241796
390083
188273
811639
247584
975475
740248
446862
583888
318818
464934
28470
975093
257182
648020
307454
659425
34311
575000
722718
297818
490438
132915
729788
234670
86878
648214
945227
5678
394202
438258
308046
788360
263974
553435
941499
151621
334330
15256
467514
970331
926001
653001
404236
520880
417592
390325
698633
991788
917345
574319
496321
133241
63191
315237
953092
246298
970220
322885
104062
549157
276367
728972
538746
224798
527961
69805
355527
228466
181446
594970
568184
175693
338688
375985
967748
97368
288535
193798
670606
474962
488270
68937
4736
326410
133007
718420
517776
68406
347006
796756
509221
684403
21866
326417
688914
892122
538336
19035
768896
49467
788698
300499
127787
22905
348501
448019
811523
952578
986624
452219
771314
772457
174736
126489
59901
366625
890032
41908
584260
880408
392662
328629
922467
787757
355889
252851
487483
152272
740030
812762
234827
500277
780282
546422
602167
892405
354418
315234
631595
838785
937718
925383
320985
820291
693292
275539
242142
423315
500800
917752
931779
283794
626809
588062
626782
190759
840231
278695
469337
16788
727417
885084
456970
165748
612779
925433
259458
830227
510940
33617
285282
177386
985021
890399
627174
213557
295653
238763
879301
740531
982466
105750
440113
544185
79083
820738
872057
25012
142353
580192
961678
788665
438547
90903
936163
976714
893488
322062
876333
970472
445142
864598
76618
793744
58330
515703
628862
764499
346369
239126
189016
98837
753531
382911
403123
214882
156399
116949
952088
893480
671089
235987
723201
779349
773713
580862
510969
246030
82637
689769
38879
537224
29734
491812
994952
669511
309776
43010
646020
104753
515842
588166
875001
798990
406638
803690
899564
432799
110091
786635
523871
77335
717
108212
370324
38906
576374
247557
445167
130001
837638
422527
633273
840711
110542
600879
583105
330340
228963
290101
74589
73571
821101
716465
821070
33137
674207
941961
675585
341189
106369
321176
9138
601943
276136
693302
809068
546878
391240
33888
65643
831913
839328
775300
359330
558585
904467
982252
340439
185658
322711
347076
317740
117501
765574
2569
42938
875923
1682
601873
371926
988520
641942
814577
369013
707577
890055
422734
904940
481715
133769
943491
725199
780010
325662
493484
368443
142258
253753
964365
304560
503838
741489
175203
48086
443347
712145
76804
548448
179463
895372
59509
426318
935900
366733
102216
477260
310099
173997
704560
969144
532654
504126
396963
668609
645671
525636
393130
604267
122822
1668
951624
553455
404835
339636
399237
706174
280696
67793
407190
324774
408354
976016
675306
287886
857012
284460
358995
703131
931768
779550
94735
90357
610307
377963
708403
838052
623476
702551
150131
555220
862153
453431
194576
951671
841053
427556
936926
329929
734210
537995
360241
619567
156535
28962
135396
208633
199430
425717
284229
190919
360381
73438
209248
995399
828614
458003
424102
483676
329445
842778
171002
840538
236302
180567
181273
816942
340961
826886
920099
718491
876291
258115
576586
578015
957018
21702
998294
510452
100068
800813
876754
865458
974773
353650
184279
304529
107531
673532
363314
680844
732239
306705
509109
724514
443947
655784
907991
765431
995650
486812
387528
763479
945873
961853
272406
977626
642656
568961
321461
265698
133092
955928
829486
650689
831348
981277
393511
603064
308710
684072
939403
299674
218886
59776
960597
366160
969138
2350
91262
608245
757205
148652
687617
245473
624062
543037
888392
384323
294108
717974
724021
67752
926424
710906
317966
865112
802511
751651
229829
652895
344747
934748
764835
332201
856989
996524
722129
546119
832633
253868
291971
812110
176237
989818
881793
797918
644831
752582
115475
955328
993571
828489
496649
698793
512598
918614
88228
764891
992473
861065
725925
740459
854125
234076
922095
541021
209704
262936
97499
129003
95634
179496
595225
11301
222303
636168
661501
205426
286344
576221
849837
597940
263816
256607
16806
822154
646320
183921
938662
427375
237671
14674
592122
746367
882434
628715
34788
563674
249084
253576
380520
68385
874130
521444
38771
698206
641598
931740
814953
33024
779085
845510
8330
840515
345695
584283
825600
637294
438139
858959
821319
167798
949964
97282
93113
318784
31164
604430
233589
952964
854892
541632
819499
16397
769165
445092
728007
867036
364830
429690
723832
975341
660034
176773
626012
477585
513789
652673
591754
493946
627787
998004
82491
329109
397277
18013
570837
284818
259953
616713
46294
476799
608012
451013
176217
541394
422167
852334
150472
287109
452372
91556
860703
536732
363771
979805
10329
927170
8501
206550
24633
83345
566068
268515
126518
604977
876077
215976
60996
198359
541939
45728
927995
419375
973105
626778
333798
499285
806340
842116
144235
860092
187699
354912
996242
78513
923148
212755
693747
493050
162908
760796
354240
6872
542090
658274
800620
703212
419408
208998
72055
60534
721623
350103
297112
174584
710446
763972
629894
463865
126760
34220
647522
57765
544591
762161
145540
33618
939592
468395
181408
724765
342277
627033
662165
340019
982560
204083
752018
91436
847707
254299
203173
725649
160433
194097
884514
389822
422296
269381
591596
761763
103702
269160
520483
861988
449789
572187
871402
488352
401349
93993
209811
166223
692804
195025
779498
286341
996428
516571
826203
599507
740705
764811
48512
897996
231957
355379
817419
754853
132226
81699
526476
631798
282916
778876
697248
981405
321296
351395
326711
546050
65685
191633
865920
267444
408686
210694
166515
630514
111712
810205
248186
522439
366582
190267
234813
461324
441367
540769
630857
922833
64385
39074
933596
21655
245476
60590
344719
792372
402141
613004
104736
508761
74573
782950
988379
168560
488278
570558
646757
895839
102962
729407
968805
96426
48559
137582
745360
301045
492619
851775
719567
141798
4776
274244
286990
927209
811884
123328
998819
785549
984247
370330
926617
808140
585282
76333
559961
130600
41297
432892
835444
235440
847380
228931
55631
89826
456032
505064
566508
910058
430788
387025
364625
887497
731659
124367
188183
885521
145742
306807
543952
704012
296947
803730
489622
270717
667142
160170
931181
871230
470642
263557
742420
60616
820635
152238
765293
87377
267739
404974
980358
134480
248536
396378
782275
821148
158783
780998
244010
592242
433439
250967
202635
539861
867364
325174
250698
165072
278638
765857
937034
965527
270669
492891
167544
402892
170396
413188
431473
569245
341239
969091
565521
572170
600410
539231
583961
199492
482327
742189
58748
541873
881651
110820
499142
385868
447326
625676
854442
1642
928910
776981
393958
249815
732791
845636
336021
529567
815081
941128
714193
585193
803461
557099
196866
143869
432221
727204
873032
544357
40679
135561
238977
341490
807198
183585
69815
112918
26614
898328
463657
245230
419578
939083
940852
257827
169411
830979
613598
711206
669399
680256
697471
125464
451355
331626
465933
382540
750966
521964
687234
895332
210628
229021
29100
210840
561076
199379
996433
771669
412735
815260
348796
165697
369093
380999
842089
627229
110598
3741
657928
857092
993209
770606
701105
832080
269837
654341
936805
280860
793465
731901
659645
707491
532738
361517
639474
345223
28489
377022
535304
16238
766222
163870
183767
601351
686597
722317
618231
571178
19091
869333
100743
753566
769061
848727
489882
726964
710765
463167
404416
987728
819195
982169
959980
463048
775028
224957
459911
177316
479409
921382
885776
670341
833270
433185
247789
474979
410061
992417
475219
352943
978046
912687
117135
72215
653998
660798
327727
829544
507474
856093
86415
481165
818190
967237
905283
280885
774894
722770
678366
50835
478783
573263
223645
700991
552139
928682
849972
124474
461232
201030
855602
178382
380764
369071
558355
693524
58151
82857
749410
758479
348429
237857
6793
24822
424903
676805
465463
789071
317444
473967
170540
47863
179977
149884
355748
498174
938658
804539
12765
353391
313923
204033
592007
804077
560449
766042
971720
120504
313958
486170
242601
739215
537396
222289
672800
280752
67257
918684
372794
60667
661259
795736
245605
456948
612449
686962
221207
45735
763726
722458
58015
910566
480987
671702
600902
432494
520063
945651
700385
756840
808637
156886
196534
177419
480027
934000
714697
74974
452474
167888
675330
714395
100567
815186
375420
878512
418077
989621
883052
783775
542628
846155
804716
656965
529098
417609
923875
290103
504108
439550
353875
824072
436226
995425
695615
540135
287764
131139
884215
819301
837149
778083
828865
209429
338363
59616
1894
742092
549007
399369
850134
944008
832695
495120
251128
514413
363173
280926
727443
656042
735900
4224
325778
77883
914759
655678
612343
835527
561014
374668
81247
167721
921525
2906
683757
657868
667019
175942
524054
755247
897804
388145
601993
93000
810075
166767
319545
363204
973184
434776
421448
861165
447714
280187
714897
647077
226785
578419
28818
334927
838674
822481
59381
230925
273304
445048
239225
380387
90651
194056
846914
149818
19944
819379
698745
566593
252965
701483
183521
492654
65071
633532
30328
868451
76434
193078
809925
802475
801124
980866
506628
991587
292350
586389
904940
574453
728472
700739
579930
12288
320384
853931
462875
245396
43319
683281
675675
275737
58664
201609
526949
582287
88646
984270
166613
856495
333825
511410
10274
750385
523620
126000
70850
134439
472462
393821
965945
324038
321674
13757
63682
418117
515150
411250
291160
457310
833613
368335
104609
658226
494137
289547
934648
366793
633241
657169
479317
802615
344194
564469
179611
774234
587253
195200
173247
244095
364437
165228
234448
989156
291715
641195
371302
476824
575256
703009
468011
138175
444798
439731
825537
714418
267819
54391
280207
504579
318459
21963
966188
552670
689385
764033
984614
597002
236650
375224
853230
971151
529511
314438
531620
328370
2133
614289
160443
257244
116082
11773
764105
184089
47517
535743
959470
90747
785875
657809
630878
522527
405506
403198
244492
955911
553867
155421
829940
444647
704793
417690
165445
400251
522905
677295
760682
612757
35029
341811
646964
194933
445488
222601
214374
154256
887872
189305
928028
279923
7683
373723
280536
637313
518080
32623
71210
970200
744444
739658
65852
846674
658581
158187
197559
491047
782142
65132
413526
283952
134551
26772
757573
946758
803112
425801
178805
155273
625978
185762
966847
352573
675090
738203
652530
365518
534795
267554
821755
348596
777358
988494
373808
686769
320241
860719
511289
634104
54378
864768
79771
42984
839982
23801
210018
344949
87019
518017
99307
493544
123166
558401
416779
805564
853457
485972
461407
461226
107509
39066
897970
198207
454488
516076
875652
506920
581250
489066
271741
128976
548594
361455
438446
431840
935792
362662
229951
127013
744143
576182
916475
484816
870593
989337
188789
425430
166614
727946
679125
478904
867539
435357
349378
767581
827051
427112
100654
512538
210333
934303
447161
548308
208553
657406
376002
165949
205744
277855
64529
85242
795239
33579
888090
737509
539447
782765
973935
817518
539829
431746
211078
474460
708729
645741
103585
8242
844637
403463
447200
732972
799252
5715
435359
154920
292388
149744
946701
57506
905857
453415
779851
508440
507272
661476
263740
44108
368789
439810
12591
950248
505857
45119
56486
37243
791099
392655
860867
364770
777282
369100
567758
144642
475644
90442
989477
655857
393078
218505
328513
238772
992377
273795
757024
272163
4101
869222
295764
106089
707693
60444
255912
750632
535374
971397
982378
107385
137709
887814
532506
888080
290156
24315
379309
720638
66217
831240
439614
9425
994484
506765
6930
459862
715754
175480
955718
475903
753522
260852
622680
539871
198804
92286
504782
394769
512241
671513
198278
156793
403043
661912
957788
577250
938481
860184
833521
992007
59695
152848
279198
667309
755696
730945
117813
555693
838825
135495
39856
761488
959908
190034
923513
232659
861469
775662
908309
969737
36925
748861
740718
508320
750960
951175
33915
462779
635173
976872
410510
633599
340258
757416
47226
124394
978113
861224
436382
601885
319115
678903
558227
792890
669679
826244
591790
724584
71006
837422
54258
477619
169095
915447
145877
149393
485930
990168
255405
16512
669531
578414
274231
947146
335189
935826
993476
681642
219065
86854
590657
305225
582626
23178
85345
351841
978597
317391
65961
646403
150122
659011
902679
661875
736737
104395
381104
651121
146660
279695
600997
237587
149607
107822
765921
885261
416670
880787
105010
934931
604524
216991
306577
886869
647299
388742
449936
562153
304732
78134
81375
347015
758356
398961
82554
77741
182562
12795
646323
65507
967473
375407
830039
97753
544670
124077
559168
587116
299536
283118
431991
829767
837422
997240
975683
912678
550529
701100
858258
278902
894056
978429
873027
158297
344626
269499
358670
664837
75036
561997
885265
444492
285734
553406
60983
728118
4180
368494
505863
775178
496958
11561
774791
56428
806932
632788
221770
969120
946482
589955
170461
606316
777244
272232
38218
555420
44950
734887
330695
400287
411427
82565
617535
238991
735256
512894
406522
252686
456731
860405
758251
278092
902909
944966
605014
592740
991474
939831
339164
769958
621929
845326
6372
31472
24524
942780
448104
732469
930710
347511
688025
68511
814411
736805
29552
32337
483865
537588
858130
75909
420105
960198
614559
480021
14306
51530
896856
489173
946330
121830
82794
821085
632825
72528
520667
203044
419021
271676
819152
524487
414660
440304
343993
78826
4329
84211
902681
22901
740606
79715
63733
751616
9522
847206
542617
634505
83711
907833
192385
736162
35938
43236
9771
221800
326712
353230
589239
423981
428146
726444
784439
130359
425717
587733
576793
334306
485137
662450
767534
710304
241691
351825
518294
305953
336872
383192
25162
948173
9833
693846
544454
504558
250782
873333
107345
253163
18552
7244
985066
691119
691600
137297
722961
214825
192445
857708
598831
730220
669525
449638
411810
592438
71492
373888
163881
625357
395586
488800
485033
300037
707636
496934
758938
435615
785313
645790
841553
521036
134159
7566
161514
317903
578489
355886
507025
909440
828016
250295
969262
671020
701388
472980
130667
935258
978636
995509
755490
749481
434577
840195
97448
730644
183540
59118
481905
722328
831295
508449
270238
337132
843535
398039
959722
463791
555396
941639
40364
192672
40226
639931
114825
216902
135687
749631
748858
4336
412681
889780
767158
843607
981355
209476
649468
181279
992124
931439
520703
371132
870541
568708
315117
203826
776269
913324
276254
403380
878275
879137
165270
940014
192038
642812
693879
281631
897436
922987
967174
983645
670350
424129
547479
559676
510820
478119
319256
486666
12386
38896
108088
640497
346590
461835
196338
569664
259549
568785
432826
349379
193418
519294
425858
131214
840018
216701
905193
394521
549022
682140
29697
708933
245998
699039
917307
429629
475791
810544
18865
519607
121849
685172
367568
208922
417543
416760
91489
688634
892947
936330
793714
80702
560365
871716
200357
113059
237752
22404
770772
579097
385698
360407
35488
251851
258942
816595
114965
810876
146752
115172
526011
138189
575764
288062
656380
3483
375259
12113
309933
586629
587331
488283
568890
379147
638593
637207
624115
470226
866222
583059
814381
246852
257660
415135
250966
285972
85011
800545
699993
864095
355468
18438
342890
866670
865928
332691
756846
823192
276526
495129
371466
393284
482689
463687
610119
114572
8730
140505
430687
533438
765638
270511
812199
240380
802046
472120
1304
623683
548607
877005
222651
403272
440262
224410
343985
699070
833642
342839
298204
41141
240597
405269
920430
101148
591712
482515
582092
844327
141195
970480
583646
12043
508694
958683
226614
342566
917886
833063
464410
796605
449815
243162
851952
974301
578818
420068
921989
349026
582412
135469
59513
585110
409635
499079
191307
173873
322294
518787
290045
191998
368552
69599
826467
133087
458928
118493
457422
549607
487440
998575
756495
94309
455791
360142
351210
773120
995605
402665
184345
7870
324675
191482
633849
127775
124589
659637
695317
261606
45909
268763
996878
289463
636101
981803
474084
486555
670505
932599
128995
679265
53062
170580
240364
777376
908955
152107
12127
145239
400211
883564
582498
450869
511907
113443
744657
908212
280326
74531
7554
85535
741139
779934
53363
351093
641719
33302
220627
475238
73109
47918
678505
259322
126007
770266
190693
748753
64879
664117
289217
604677
202190
63218
977300
913323
702528
330346
603251
312057
216323
431123
905924
978689
584962
475089
361248
442075
368402
704486
90724
790882
716488
766214
110933
398420
418036
451782
682029
752285
697919
724338
72646
368877
375068
719101
751586
53189
974830
405715
369429
664722
597302
798603
799952
144944
684599
986232
18634
797135
6057
967455
890636
142131
979989
741634
891610
708181
835795
615131
801081
258471
620190
64996
79649
831285
613201
195603
326209
298023
12289
527332
136874
652451
51446
527310
773017
992527
142662
867223
249188
915124
69776
298307
999167
361598
161874
312552
169067
403936
267176
898461
663485
99412
535586
414993
302599
197056
784960
808759
723237
343860
54028
600287
54373
21840
413012
482016
849044
316547
844611
632626
579041
589550
685340
556952
945841
895526
615378
242234
971902
874968
163142
202257
656748
85319
905245
18555
288234
991026
998909
800110
532609
423953
648485
587081
390077
972605
820646
96262
872628
392495
95874
126220
715767
813088
358624
156129
812501
156240
813608
642877
383111
367971
9665
176569
520379
690341
566308
707302
310016
147054
482653
58235
409610
245793
403038
352934
796963
148942
642112
407811
580911
500536
432215
215722
354906
618032
43056
581603
651104
159072
281322
661301
139384
787172
915246
691099
717598
203602
427532
267544
306235
67738
819955
905762
524852
247049
824269
372601
103116
36712
65397
817051
739831
458881
312470
882576
492348
725313
625569
168864
12357
701945
233514
609637
109766
509566
219360
415483
62472
80369
820071
73555
423825
330905
91732
752167
446962
519788
219588
877000
106989
279341
869081
408275
668352
842671
984530
154306
278738
162167
161542
263710
105017
51455
819261
112402
297382
316823
281899
251611
638638
78566
55946
787164
262517
137551
186003
262991
592249
504559
238552
828629
60984
530370
760961
412142
598144
957221
168289
719363
281617
139318
208116
90272
484272
949591
170487
796672
302283
891346
548260
843457
555204
857047
510857
937783
528476
602784
11716
813084
107069
385461
926493
434917
610979
159307
608512
812784
552040
398664
493589
195225
387692
60322
226622
519275
370782
545189
154092
96755
111145
363603
507998
69745
863421
581221
980088
634152
617208
788208
587196
554389
120945
771427
417831
843196
809697
461421
655850
514333
90671
754491
271492
882758
661911
626911
83384
92802
145974
515212
249136
340335
446196
489022
929134
32365
957710
637622
140523
476658
573246
962851
908558
800443
694026
13084
690762
20765
396711
335306
952660
750202
865287
669475
922432
690190
585030
527441
299511
916585
314476
274289
258199
759799
539104
327095
822503
543995
39338
806766
89525
732187
880995
670941
947471
894612
520828
838533
928922
849293
759847
366280
613010
470026
333093
789860
770398
608759
575021
966620
719183
259748
642806
275959
111093
72464
718817
131809
812574
660510
97158
126704
637100
225893
181402
962818
10642
9507
746554
755522
944427
626321
908502
893897
508150
420305
598909
138337
75762
776195
690752
65764
992338
669240
928710
467587
953694
18686
235052
97122
238310
65434
950998
665825
674914
430100
852503
628918
228651
815660
186873
994550
175184
42730
644713
518002
305558
431635
902978
465406
336016
124600
103156
169741
508566
562792
783249
804280
910885
83333
601396
444573
595091
662708
263054
371876
200493
721070
966734
851613
824751
728564
594860
447301
259935
116383
582611
523496
236294
138005
849577
966112
857868
746968
428540
508091
14575
983736
592586
432827
552864
44329
853933
300534
772090
988783
226401
993758
32735
996405
144819
958235
709233
926846
782345
113300
285674
791026
463752
358093
750745
968090
183653
424107
146298
102823
633164
311890
428144
965165
492518
352879
133665
704557
813131
981010
565294
702223
574340
563186
600845
813166
819131
690069
657542
465166
370177
927431
481990
753001
386236
930695
262435
248486
791915
270146
950509
589675
832664
252087
557677
212553
555417
878969
951293
98006
646786
967955
535044
572505
914026
367365
940940
952029
230104
376301
330305
674600
876555
710145
587784
429574
166179
930041
198457
866366
448175
616969
224955
502630
342612
817228
181755
690066
473558
965308
447368
232104
632454
874910
655566
997263
799177
997883
831470
502150
28352
303816
556982
625041
852505
982183
312066
459789
260146
676550
974446
560421
37861
110502
230902
196317
394996
496310
550637
427212
905810
978589
559191
853351
508364
587799
694563
855223
545298
956023
38216
339372
93478
893834
748858
875084
969888
352924
852681
59524
270875
151060
472407
934751
592192
339194
69428
765780
687597
999129
633304
647417
902465
137344
713212
716438
154630
813282
581013
600149
980220
268893
214445
641493
795070
623448
673760
865693
123859
740549
894641
375405
432212
883782
410375
453873
415989
994283
773191
929679
697393
732698
884559
829535
378966
530120
587275
458426
862954
482147
790456
690475
355385
178322
525107
829571
84860
172244
876477
535945
906088
362053
928014
85773
840848
372991
633170
677021
443383
620893
829636
883409
146998
667995
692262
829633
864006
316569
30618
427351
838507
364030
849312
31039
61630
840570
762669
448187
580117
895587
395492
33490
706896
809793
463668
539560
569155
298533
262285
22633
654459
636404
975551
256415
398639
724417
410034
615588
551237
827480
236284
50481
937469
667992
405730
430356
669246
164216
285102
118912
380091
555690
223529
228862
155458
512348
372342
691266
943073
428571
995787
255769
719797
423314
161420
333757
386704
864689
488326
61963
272518
691113
587653
320524
989589
239955
190546
168111
256174
528048
961868
883672
906404
764875
449953
840849
58096
863675
768746
606558
831902
706693
5729
505711
320408
689374
336191
538479
543246
772877
321782
194170
840190
466031
273736
141611
421797
425876
806403
283858
413314
735239
843929
425093
992835
235692
728736
751246
936271
24001
666146
665858
717615
64967
600034
941105
597465
836794
81708
923513
294747
210171
515095
656437
598305
529167
964123
374995
532259
368256
759817
721219
799597
331169
456235
3788
966348
743215
846520
996088
350098
617939
947060
822192
867271
835588
547298
106082
761068
245898
838631
342622
355629
437405
479613
629057
22754
470380
416208
809928
451009
452025
870456
127878
112548
641185
748820
76400
526579
508666
747071
560726
821550
457173
169842
171500
161050
84706
2550
815815
377861
986099
661892
16419
887350
446169
30203
354976
497654
193194
625724
736142
816437
863653
857957
412957
223067
655660
121321
114231
616556
33583
106761
655145
706711
676714
175025
511804
990683
414020
226737
229410
850391
859544
920470
522700
774380
576785
567589
697433
526160
940271
196979
408808
589298
136102
404068
156430
758406
216741
236926
200739
961068
133300
719273
825847
20545
444790
658373
731170
35521
619150
907176
998585
928150
486558
624819
18333
151298
10283
489871
790573
797414
672220
34377
762267
131629
388770
875976
96028
300312
437937
393383
280569
276134
741099
594867
744195
308831
635358
380162
184547
952381
397540
657262
560976
122936
756457
698605
820057
406508
745354
575054
172066
557098
371160
606482
950827
455896
971515
877797
15244
547717
974451
454520
187453
80717
460730
385212
602385
309093
394374
890236
317635
230468
11242
247959
90985
476015
672988
263641
413061
110047
802129
690870
655867
866832
468677
498658
523868
157289
901783
724880
257888
545539
559056
149508
807283
663191
471364
941015
251302
854921
799505
503751
410438
960075
286660
953144
980810
295023
146908
65355
687653
999757
525414
795738
7100
199885
492871
152717
591538
516242
156760
968284
127390
976132
905067
285473
536414
584631
984684
678872
527749
20221
446307
531063
567856
995269
249046
110372
109814
791726
699532
264280
571005
440620
500268
914190
906154
376661
708995
346087
42992
349513
725924
587357
363594
935100
744041
327842
940547
467682
767000
113620
741810
408757
513378
568991
150084
154278
28549
860912
480561
140446
629776
302674
534161
7855
697863
468839
362055
385564
946460
308931
787931
515137
133085
36264
53350
318817
328686
344986
94374
773194
631723
748959
869938
232679
884783
850005
129927
108194
270195
39791
257664
371955
59470
882445
879652
346954
651930
390584
218841
961877
935799
613495
17975
616878
555305
573072
585912
114532
201309
967774
121803
797029
964169
100876
391815
85381
587953
652779
340861
307373
626117
245110
755046
269795
311335
854687
420731
804657
832779
618069
143908
150133
348344
283157
491336
911621
25771
959146
623875
982076
584090
98947
129526
269093
700374
13935
898359
19715
936009
934199
619305
334523
490079
155480
564391
232864
943234
606043
908506
853208
666365
604307
356523
108143
411266
510195
870033
899896
266247
761225
471755
476507
329226
637403
497770
590784
692124
794438
189719
920158
277451
903057
73473
330597
928617
377288
780702
435200
651029
14213
122036
169172
434565
707506
829112
127225
240419
564056
119357
923616
318146
558229
758582
941841
534075
858732
158313
344140
22568
256374
863091
339217
225084
674871
755570
397180
299006
366796
868434
500040
975904
314111
451639
195444
565888
982717
138116
585730
301114
144415
137735
664924
532263
865060
495233
64658
731895
817728
873493
512766
32039
251469
128011
630153
993566
780448
592834
476102
436586
713655
713584
210236
719314
509390
391383
914689
243287
139472
639367
944513
879500
197739
199689
29342
972687
822524
437167
617201
600867
780266
322166
219759
701739
975822
741781
919400
860229
271440
66725
921192
857345
273677
883500
519488
506365
132340
203143
836127
374046
734064
388788
855449
544493
364223
622202
622282
352267
798690
578933
331348
610067
750765
911169
242051
980299
739710
804611
455058
578885
41098
254607
348615
127640
775315
509113
796793
701238
389430
956027
481650
274922
282208
582784
756719
749809
202657
843851
197252
87474
957080
250823
6812
592858
426510
352811
326494
507864
173152
640649
481900
984178
903187
648308
123013
136770
354636
112140
271498
313233
72407
545192
285598
713935
261541
390558
27750
200492
238803
673585
981744
460949
257253
276888
162992
667278
41233
140583
437988
571112
526200
307932
660761
977440
143407
173897
376840
163284
907900
722137
778328
239586
540893
703616
979527
374111
145153
318979
428643
217137
4378
258785
374514
834250
758346
744669
345329
331393
889466
176169
781754
383823
322122
995440
996158
897506
768802
605440
919154
993185
363303
992531
576903
743485
452874
166905
818257
160880
560826
302755
984137
643414
95866
220110
952302
816100
712716
710217
893446
213833
567821
616613
537794
532959
941786
983673
144767
625870
425904
278095
193961
864574
352082
671919
954874
719798
305059
53061
709152
447766
801427
745393
119357
522349
256630
956587
847944
193400
799024
514833
782032
868472
929741
676559
467617
168559
142701
459626
846591
76790
565916
580713
546255
398782
184320
8928
905557
777761
302891
107866
182680
453156
271697
318178
370914
479436
478867
281006
856164
588825
694458
102505
537974
838755
240831
265116
135035
489936
91014
444344
122531
617968
533356
845890
603018
939701
773173
995995
40126
947858
269352
197931
880669
398766
24567
160874
120861
358149
677909
963915
459814
528348
884524
850949
681178
798879
694823
577790
64628
361240
681002
58519
758158
98190
32546
503182
929212
330552
314742
742932
90646
885532
72732
375020
271380
537545
299273
422204
487761
398765
837312
804148
649202
300756
648460
501464
176224
448254
319433
973995
481584
321435
981980
384314
972132
903653
648386
15298
831435
615194
14470
460479
713091
600981
674956
998738
882271
479624
312523
653005
436835
865816
242648
189726
596460
998165
380317
635095
505837
286613
537192
809622
956500
207276
907295
214294
756363
333833
516050
240976
436570
144176
20137
122703
783081
685775
862396
266959
824995
67584
789826
506449
785591
669786
735136
374590
24888
61108
85667
18677
173412
436727
534409
620595
278722
39903
10746
814814
113380
162638
175764
999086
336332
638029
852324
804793
540651
130976
917360
902745
772677
353540
429744
389051
977584
372039
890462
990983
113210
906500
279395
758823
925482
184250
637936
196086
522079
720648
570478
158279
867350
198984
92877
543055
88583
171653
74169
216048
809518
60314
521131
699939
327527
740008
42908
836992
398834
216691
446356
244973
94807
60186
313824
776737
788771
532465
696289
486356
437264
892349
251265
620805
757826
130763
264897
301927
284526
566893
40366
810153
869141
571218
146739
94433
742638
673537
656647
843220
331554
94770
975494
314916
679281
405065
369566
378390
376242
154031
370464
498367
683767
60815
537910
181452
819727
622954
75572
433642
439973
287960
238279
156056
15749
72668
585162
855751
485055
18466
745335
975274
966884
469911
356218
367648
299821
450149
327649
407164
589500
128714
527216
927917
610490
496276
747026
54159
398879
895355
203241
259405
1551
614235
806406
369776
390626
116428
575732
673481
381948
983455
491759
345783
636699
719992
103026
908438
830064
100739
624494
942788
943012
692564
796758
361297
555771
296863
391703
337602
2838
972688
808934
444866
78866
897673
644977
290470
784782
274166
569975
765915
379147
728141
592435
988143
940908
571111
782323
683256
381468
96694
217096
353829
350094
871203
43606
599007
179744
264773
542795
581403
787289
414335
229677
513343
873361
130294
154827
815534
809008
606061
854357
30706
915470
522560
708424
503109
257338
783994
935105
849404
635606
435475
949299
223505
112479
411977
805620
163467
767051
493529
26737
402956
394059
298202
435202
236663
316784
596279
601113
300091
73002
462727
198931
668673
589291
37643
329265
594222
114410
514499
633952
345621
871427
299757
930164
465533
240827
280091
162548
896073
594594
186159
201742
53322
326609
520694
604331
743582
922707
703327
72605
279042
697184
525783
86901
316924
728324
319298
347826
488606
331935
508311
318035
399735
978373
616984
927886
698844
495173
355501
219929
189198
269639
766236
21477
386568
807951
514343
399338
571240
331294
513091
680285
122679
800887
181744
986431
785943
767999
279097
80975
632136
155518
708106
491360
301206
33666
188905
808517
590307
403490
144723
277224
856589
100256
89012
160762
876283
176040
699777
745540
885129
1717
967222
671645
694734
872275
134567
399604
44358
245631
803141
452109
819041
126378
989232
182665
278503
479900
256819
343069
227398
320310
987745
840229
671417
468816
108937
945105
166359
81728
388056
988733
674806
179580
230732
333343
747770
114647
220689
175642
552957
406951
155514
135855
497756
428424
726109
555987
223132
448569
218571
673883
7928
496163
821994
154195
411912
754170
98225
374959
923663
420412
384640
525145
150817
593751
312730
5801
935471
576359
658944
346547
813681
846685
672875
315577
772846
421691
774565
28161
871339
36731
428420
600322
174190
317904
284804
712056
770861
740548
190976
470167
290392
484480
494669
645723
19264
199274
739059
657214
496867
937001
404873
547139
587989
604868
917164
50224
805195
267496
611931
406169
414215
762312
887026
589142
700636
429023
823874
734294
543773
477009
158217
545613
834534
914863
958803
598217
22982
296857
51372
85858
622856
462718
841792
604688
108188
453823
668498
541399
457319
641842
213205
596829
663588
488899
210538
22428
407733
53556
15415
976754
393482
819844
926752
486933
387436
226222
946981
700069
393063
731144
292696
779930
527378
68748
805177
614812
663804
738996
245360
689650
49525
56894
19558
754578
450102
561871
391680
170198
11118
199988
988408
288080
246250
811075
328922
957428
863135
229344
277081
603700
985239
367452
384843
922025
455606
649207
747592
186988
893481
90310
763098
452869
550506
885168
322785
550651
707889
381330
421702
531402
167994
552387
23834
815219
846063
641777
563466
441517
128307
125290
544321
390585
392011
261751
8666
920339
305576
481378
818688
241732
935573
909401
621605
559317
624057
246507
160347
429406
758730
735407
638930
187004
720463
856004
292719
474913
940431
680434
952709
899268
821275
300527
991922
72442
223285
429246
245337
182621
794396
413618
569399
395624
571701
374545
127524
473701
495768
859411
11880
887933
831859
406858
905464
201327
772575
310235
252812
73244
460861
406250
927198
159358
25420
859220
825216
921209
813707
469717
916698
449546
434117
611403
571200
28828
105086
286866
84012
136121
675832
657037
686173
840925
652450
252614
641291
2790
447966
70509
667717
756584
178222
472893
724905
406750
153274
470972
750656
402363
196608
275105
555827
207326
150296
988879
724974
260579
839395
754368
645840
215702
567248
236733
9612
878018
847498
458505
39391
714792
193794
757534
801006
561547
993044
644495
317883
474216
521496
341260
958275
257155
890184
528452
978552
306909
899529
943845
321430
221634
521304
397119
240164
875454
832018
270470
476170
802608
551199
717878
269065
531382
954556
461009
716442
198216
864228
443844
151591
261281
718299
13672
296352
188183
532055
801443
295868
178764
674955
549295
438285
234685
899921
743091
589117
149943
289907
199757
927786
317866
49750
716209
245788
75798
121155
463275
753183
226722
438099
574720
46274
309835
79991
745779
503978
341049
358753
959651
265683
672494
543443
81105
572645
291735
53698
726912
863471
350533
378982
309685
679938
706805
305505
376094
938348
836491
284425
777551
172496
623710
185044
121831
878303
88940
25375
880337
923253
742190
370075
650022
85458
492039
841812
165808
61107
890390
63135
411978
872716
501674
279520
603811
997733
77781
553270
539041
275214
389785
247555
373410
364992
872960
752859
975837
972626
18056
531976
659303
47381
147258
501879
677842
204044
255707
600964
35568
702347
134396
836509
201013
582442
484652
665109
188986
246118
54990
194183
407646
555478
379909
359333
478471
360197
609419
474844
519622
791536
101345
822950
484121
319453
231201
483755
302409
927254
249903
579988
632180
814593
872974
765039
884453
988253
532495
404536
330207
743451
165219
696330
293753
459030
834706
557218
789347
733105
558469
414731
186822
818188
267709
392044
298698
316194
221606
25258
553009
591683
193222
495483
556640
881128
940880
14729
562814
767928
465045
87102
982709
321878
957018
923762
741462
495909
460740
345711
307865
492953
544944
82717
634433
671035
387295
75727
738782
764153
4558
883240
979948
532263
726948
860843
129369
532566
888197
811167
86756
2703
824260
884251
641249
107437
561397
21299
472473
734740
117472
870079
766414
238161
960913
851844
787676
27472
575500
45122
502138
424500
477533
225050
778720
552663
464974
53465
681539
378782
7090
197477
625852
996919
233311
750978
52166
457906
854137
466114
91814
290489
41896
474439
482341
326189
237803
881974
15289
647583
493574
812410
485122
744872
956567
742002
29104
352934
221063
991928
342593
14099
299228
236175
951272
748547
721322
610728
758985
767546
510569
936721
746721
640359
284962
871547
415939
891329
646468
776806
340605
821565
485779
673387
107353
314409
895872
673190
627519
296488
246483
41086
804152
323083
27588
913106
330829
550792
75690
651137
641614
749721
760075
250646
447790
797107
29266
731535
43020
197537
232414
297544
521421
884541