86
21
94
68
44
2
80
97
30
14
22
14
46
88
27
59
49
63
62
83
48
92
79
31
31
87
99
1
0
92
77
52
37
16
82
92
88
27
68
40
43
0
37
72
88
97
35
43
83
79
24
1
16
94
78
15
53
60
73
12
7
96
45
78
73
59
31
58
40
6
1
97
79
42
14
93
37
98
85
13
81
15
81
13
23
45
9
81
99
69
53
16
86
83
89
29
69
3
84
3
87
17
23
63
8
30
60
10
80
58
68
41
2
48
87
25
21
5
11
71
81
17
18
79
27
19
65
87
83
8
70
95
79
95
37
14
68
72
27
75
86
19
65
55
70
72
57
57
79
94
31
60
3
29
37
51
95
49
61
18
18
44
40
18
84
92
4
90
74
11
76
59
27
27
32
60
68
86
24
99
5
23
58
32
21
8
36
60
0
17
40
5
74
77
30
83
63
27
56
23
33
71
89
47
5
44
89
58
18
91
42
93
6
18
12
11
75
38
90
32
38
50
51
16
62
3
24
23
84
29
33
93
23
97
37
87
7
64
64
71
71
62
42
19
91
41
84
74
9
76
47
60
8
90
42
16
24
29
47
37
18
27
34
96
27
84
41
98
11
8
32
42
35
64
44
99
47
25
60
31
12
42
91
31
83
44
49
99
19
63
18
94
85
43
93
81
9
44
27
41
82
92
50
3
42
40
73
55
31
42
2
68
74
94
43
15
71
71
23
67
91
82
13
74
74
78
64
35
12
42
81
24
19
56
10
26
28
50
16
83
87
97
43
64
48
50
86
33
46
61
58
79
44
73
5
65
93
36
36
58
14
61
6
90
70
64
16
31
89
35
13
1
89
83
35
87
7
46
41
81
83
28
40
51
70
40
13
14
81
69
12
34
66
54
63
44
24
28
79
23
45
66
56
30
16
47
1
77
97
37
54
34
36
1
94
23
25
0
21
13
19
41
58
79
60
16
74
86
65
51
16
45
48
88
90
65
82
36
50
43
7
47
43
65
81
96
15
67
85
28
49
52
70
96
16
94
4
96
10
3
36
43
83
12
82
84
74
0
99
6
86
47
86
45
11
77
15
50
89
31
98
1
22
53
15
49
43
85
78
21
83
20
86
87
16
58
11
94
28
0
80
41
97
11
44
82
55
4
50
69
50
16
32
90
59
73
49
38
67
62
66
71
90
52
18
58
79
2
15
3
61
57
25
48
11
57
83
54
50
88
77
29
23
29
11
48
72
43
9
77
55
80
4
59
78
12
69
81
51
97
38
10
28
46
29
84
59
59
61
70
24
65
12
92
60
86
80
2
1
8
82
96
16
63
48
72
99
72
98
85
69
89
68
16
45
92
76
2
47
5
12
86
69
24
80
53
8
27
89
24
27
16
57
69
54
39
86
46
74
44
42
40
25
48
66
48
20
2
28
24
69
85
71
69
82
85
17
83
64
84
43
91
53
70
57
29
1
76
82
26
73
39
93
19
51
85
30
62
26
66
22
99
53
72
89
23
89
39
6
52
80
77
94
30
92
3
7
32
69
63
32
92
34
66
42
14
62
12
89
55
22
49
64
27
89
19
28
64
13
68
96
10
88
87
59
81
78
31
99
78
65
23
33
27
89
8
37
33
11
9
95
70
48
70
62
12
19
21
71
93
11
13
54
47
20
68
76
45
41
33
24
75
87
15
55
63
72
18
15
19
66
76
97
92
53
79
75
90
48
41
9
54
17
89
81
25
27
46
86
86
44
94
6
23
13
85
99
44
93
68
88
78
11
37
45
24
80
45
88
37
92
26
68
29
46
86
80
9
15
0
18
70
96
94
22
10
47
48
97
39
43
53
63
37
94
45
40
39
69
55
60
97
47
65
3
1
50
17
84
67
86
70
66
20
11
40
96
75
51
17
98
4
47
98
20
7
58
18
35
44
44
99
52
37
0
39
18
59
6
9
80
99
52
8
0
5
67
53
31
72
63
62
40
54
31
31
56
93
52
42
72
91
14
70
64
47
69
21
65
5
73
39
45
25
59
7
22
27
36
17
51
19
24
77
76
49
65
92
7
44
8
48
33
20
78
71
11
69
72
69
19
99
7
59
35
9
65
65
73
65
16
91
42
90
38
13
19
9
17
24
20
38
46
61
8
89
76
12
61
12
17
9
86
79
0
16
81
18
43
88
14
60
69
68
57
31
33
21
87
55
89
91
8
36
14
11
87
75
48
70
11
40
62
8
77
16
93
67
27
66
93
19
48
99
62
92
95
35
56
84
94
99
79
31
14
54
87
87
81
44
51
64
17
82
97
22
68
43
89
32
6
31
55
50