1100394062
642651195
376297390
143492862
-1464599860
-846807016
1506568367
1715729868
-498491725
-1712771043
-1710485960
-455174054
-1626677271
2104647368
-519511353
-1270569095
1748825947
867707548
-1340997190
1999831499
-1389276863
191089428
923831093
445098974
-1376973402
1051336916
532709961
1966914940
-1414953689
1845253410
286714194
-594259904
-1068378630
-1528922989
-1430077280
368853868
-572670670
-176606967
393005912
558491898
1839874112
-1219078436
1077165724
-681906192
1257564860
-804748970
1394917097
2083135480
-626613147
-729830811
-2092675135
758889007
-1981324442
-289066613
1637751177
-1624337603
1153711835
553932312
-979818061
1417427621
-2100976238
191078555
775459103
1564722013
1626062101
-913903722
-1210809154
-1717567072
862137576
-975627408
-122526600
1321423363
-710616562
-1355323985
1021037647
-534757946
1507284690
-1333254298
-51178556
2055704684
678496963
-194415893
-20586631
479834766
59135743
-1464099635
658811159
1601330667
371145396
-1718165500
-1634705039
-1051525438
1671707620
142250346
-566390551
-1686022557
-1238722457
1048024682
-1711367662
-774556925
6554422
369038070
299696791
919163088
-109678107
639206078
1296295514
1871755333
977583729
-1806061154
1838938336
1240673726
217653563
-803059881
-933512981
919111246
1831782228
-2146706815
-1049314712
1360262608
-383252229
-727400768
-1976489333
-1338136004
1867711587
-777846219
1948447288
-50706373
-550068040
859065912
-1778902364
1901403388
-33669788
-1751212221
387864636
-1102374584
1165660557
-249558992
-1051074619
1102178771
-1127055390
-668273497
51505604
-1761099563
2089214615
-1241538863
-1940420577
-1031953191
-937913427
1920642129
970043907
-128493355
1724921206
284960371
1308862984
-1596378759
2132508504
-1496759898
-1458494829
-1817351221
351015633
880715815
58049660
1378867443
398466234
55589887
1331428336
262665043
-658684209
1093567535
-1734791273
-1234784038
-1060455058
867776808
-1290549768
-2109823334
706694558
-1402362752
347708700
-1054715497
-1803231405
-1747531805
-1854678927
1797101793
-941436945
-375357625
-1360058127
2023546084
1639248140
-1783754141
-1445071997
-1438308355
1210920824
1094707553
1892415905
767972433
1561994880
1377523921
267479098
-1740031270
-611507343
-1424836383
-1209175848
-827768894
568221019
-627360821
2100220165
-154546189
1582720280
-1790625906
-1722618901
-1722965010
61870476
-771565856
-1322624454
-385950756
-199857107
-1133222558
-476310450
1117014242
-1720294971
1630579477
227449488
-2056161351
1362377590
-1670182132
1066450971
-641445763
-1815010306
-2080351901
1097989027
-616800316
-2029175492
-1934713745
-1198234990
1321540850
1725368819
-905237194
96514675
1986904522
-1625215028
1314777889
-924382061
-2042722488
180606369
1241478895
-1564653595
-2006688849
-1843453448
-1377589011
-539624154
1410950621
461938125
-711412125
886681920
-633214491