1586032628
-1437437457
979880092
450922167
-1104904863
-1229842636
31944911
-133266322
823488155
75444933
-1706582604
-696926775
1938695791
-328616058
-541042804
-246338353
-1414924043
-102377648
1377409370
1988577131
610438168
1812771625
1519718159
-852210488
-1185137579
-1696900428
406000102
-302279710
1183680962
-451031318
1730184977
-1173967014
-863907503
-704971766
-1529772907
615676553
255317589
-151920946
-332996495
-1151900714
-1230970811
1130842335
1513819654
-811890612
-590516032
552007817
794095026
1217557606
992007633
-1036912718
105214653
-19423699
229973107
-832604664
-1050721416
-183636860
1319970647
1475646073
1837479843
-1174413374
583724516
-1523922968
465754383
-1589563519
-2122569858
-102502116
1454000772
736883125
485484298
-1471801348
1288255716
840998655
-420746574
-974617607
1522645647
-258897853
-582966299
1411300298
1085423881
-1328049801
-383304799
-1182437793
-714080038
282543550
-272296204
-1799325937
1898279861
39491765
-607871041
597192979
-296462116
427092235
-1867819587
1503235639
105699266
462166103
-862884925
-449010482
-618551055
-2093298651
-329288376
-1782667035
-1086625490
-1276302255
100329512
358220988
673938138
1415230104
-1827506524
-1361542031
1233197466
-32186517
-221805139
-1045706498
191464506
2072766470
-662551711
-1205504411
168714446
-630738495
-1760419371
1464308009
-2076983526
-417026394
1628748309
1513668352
-1144431309
1305046850
-1632019608
-1276158267
1345917541
-1014825536
1838664408
-211702861
-1300855721
-1018997197
364181232
12083152
-1938650515
-1654747086
-1892113465
1340377510
47637357
-992440919
990073661
1037076792
789913956
1574847214
1300491652
1416587316
1260253130
1694690322
-2094993950
-697499292
1707349988
931840889
-259975244
410299242
1495328617
-2020471379
-885262411
-1423222100
1233509736
-1535603090
289060224
961900172
1977729384
-1780040947
-225052333
-1066426916
1211992272
-2025636359
-884610539
-1568295279
-1336430967
-272326758
-1949988967
629744822
430629089
1504979037
1780147492
-1575717726
462891442
-1758179313
466225196
-1196931988
338883779
355356271
894463842
-465479521
-1766090643
724541693
1763935730
586074154
1005798529
708418072
-1895004407
-603294822
1597274985
1108495687
-1319070313
-953861238
1960933772
1841786070
-264500138
836479577
1616391927
-1710691164
936659465
1692337437
-688279751
1544191547
1852014089
214562776
-312591475
1660434977
-2073675523
-518565655
1102924606
1912343149
1595590120
1845788613
1428371015
446081692
-709980312
-57619738
-226204103
-1477947227
1569068347
1634038019
-1990708895
280122186
-1110428154
-1081988736
258196521
1218208176
1851642193
2035071015
-453002050
-1361240015
-1648163370
156862488
-827761421
2047819377
1062703098
-416382466
-128289180
200891055
-1224733541
44077443
556889310
-845134243
-2029902836
-2055238139
581249790
694190065
-675159715
642480777
-1944697577
390395389
1516681695
1391022319
-1404402087
1956538237
977996006
922537063
746337326
-1673530001
-436141104
837805859
107631591
-839206487
199518790
-1140326578
-1233346921
1664841446
1474328257
997447484
-824684737
1632286241
881185616
-1858280222
-1636749525
283174182
-251357545
-1782995833
972326043
331696741
1683655962
-1413094725
-2111715420
1162338824
608588475
-1931398776
-1912651432
651393096
546570369
1973615847
1435957540
-539585284
1633710746
-1661537675
1841992825
-183038862
-2059638109
143372390
-846000977
-395490942
-1427566043
956886969
-890544347
1545708767
-1241800350
541171117
-812116
502750640
1582181970
1575590003
2043409701
2056652639
-2080380952
-744619228
947763304
1404797103
-1524153959
1787454708
-1941811865
-408041452
-1552100578
48498600
-1898535277
-670744258
-546443145
1259882821
-913587587
1851604982
-411943373
-249441015
-525655104
402779182
-160446994
-1086064737
-724540641
-1550855342
1588416283
-1381334387
1900494825
-1779778844
-259325949
1734341360
-711994716
1681295431
-650802419
-906834069
-1776237078
265703898
1309174847
1329492317
-1080444531
1696787784
1368914692
1465560401
-2045365247
1724616477
-1348185041
-520548678
-1435253253
-2081927267
-238919616
1336777439
-1755036587
1861200080
127433189
-2062790892
38747188
1966948833
-278890302
1516490282
-158071444
1391041448
507061364
-1200557784
-1091561694
-1030262139
1206735827
1475227450
652444338
-1646990993
-2089337737
211620073
925350099
-973352372
2028648061
999760524
1793785081
1348315010
517568651
1486297597
-1715131654
2017266381
-1393520624
-2084428912
-1971277068
-1629495981
1874762192
1568967233
-1893929107
1931625717
2055634591
261369644
1226652090
396636903
939178092
1147044929
143286437
2117091202
1039754113
676265527
1178756425
-107745448
-1155424248
-1514786367
-846421439
1510913416
1268713424
1407782911
-274284287
1962821460
-183485359
1068693047
-396287613
1136923888
-1271279379
-307460924
-1557686235
1766390684
713495928
431255885
-1371691567
-700349196
426673402
-1863923654
482578014
-207206522
-18359117
-1740484252
-1047793355
-2047263579
478027614
418581515
-752891849
-869654660
-899151687
-281807348
382267614
-277272219
1169536325
1495896659
-212229214
-2572421
1145733706
1933173389
-1226211939
-1757158035
-549033442
-1233270750
1126629489
260606357
-1259183963
-2026700702
-1268339607
-2040398264
578253851
2077569022
1317476574
-592366481
-874465776
1157083577
-1974227237
1684376406
1113862324
425794654
-326768125
377637316
-437293996
-1937460236
-417381453
1289360458
1404586276
2122660400
1423191139
182121696
140194110
-676343254
-1226655919
-1554331731
-853809430
1695869779
-1237984160
-671276763
359559968
198207398
459306044
-1765211815
1614936138
-1276022498
2080985794
-48895863
-941658803
-2046447001
-501996641
-648208130
936019146
374531800
929623350
821383702
-768392032
-905644641
-218735161
1351332000
980095413
-2075784131
1856587468
932143209
397947894
-1902547915
617999014
620288791
-804317541
-1071063041
1815478393
673214516
1424541871
1581255491
-563572141
-1477168499
-907902513
-1137702333
-2079385197
923723453
-1253429455
-1517742952
-311067256
-113850620
2054704360
1916737312
761845848
-1612435364
-988311707
-735479498
129705507
886934734
-1082187456
-140672732
-1137687961
-1124659455
-447973064
686164949
2071123877
920261395
-1162474376
2102561742
2088117572
-1281279829
-387948260
-608009377
-1349271626
-1370256818
1007895794
2100424213
1879224025
1562002930
-901436284
-1658958478
909610655
1353849552
1800339030
-1964815137
-191654416
1028780158
2021314155
-878104351
1573038030
2035190588
323243534
527336843
663147194
1784914317
-1823870002
1448722483
1605493334
1744844553
232398793
1024903272
-235673781
1081954417
-1904754643
-87057374
-2043684500
-1643948796
-1285146117
-124878021
1182119963
-1621905136
470063630
1942717982
-472658709
-1913549365
-591637924
-875684931
1076294790
930984547
-305657990
916931272
-2094263855
-255401390
-77909403
370637339
-2137845939
525421815
-688153986
-1846064009
1173754560
-1758666142
124382166
1408263028
1620952851
-2145672849
377941420
1522554294
103145598
2072392469
-2022236877
1763550303
1185103585
-1378982145
454996119
-655713340
-316714379
779380060
-1037285822
-840365214
-1168988509
1685891571
1653130330
1323108626
1606596403
1959926905
1046949006
-1875102852
-1660587095
943774246
764897298
1265248201
1345262827
324764805
309022695
-530964836
1133848871
2103847307
-1565690529
-260512702
1079769587
1367283947
656240352
1346478119
217166005
267336360
-1596085016
2081628043
-1024664252
-1307526421
-2139415728
67278710
1996112591
1792286486
-168357164
-1396436503
-773845251
-1109845992
-792699182
-795870635
-1587880106
1888593410
-502244527
225475920
-453297952
-2126815014
401436484
-1378308218
-1536141811
535034543
-748394736
-804081683
1276604116
-1955901715
-711036084
-265209540
544530205
818320114
227659719
-1576773987
-206647455
-756188192
1600607950
1951936416
-277396591
1058237877
2140112046
-809492621
1682814007
-530839656
1109766007
1218415440
-220293669
-1185177228
1676179203
558181430
2143908519
94998218
821735734
1694810075
-1954776499
1137916611
1729123974
327570656
962505768
895250820
-388025667
-1287543226
1768947617
-1603638587
-136094211
1989098016
1209609940
1115449764
-1677475324
-14665846
123406194
1986921910
379793329
55125977
-1658362392
-282300065
-328283961
1721440019
1387019968
-2058792605
1862451695
789170081
972773960
892008892
965394691
-2003505854
-1191205264
-415030355
-904701047
1582670659
-597998856
-1598918377
144079229
3183085
282569674
173035786
-316366766
-1686079683
-658266716
1802770847
-1675007429
-1307310374
-1708076807
-296391932
-890655322
555046211
1706886937
1118253015
1665014024
270549575
-1582176881
158453432
-2072688929
1529910970
-1928909879
1214669080
-998994444
-1083717275
662359806
-332528809
400495073
2117443390
-239343540
-304770546
-293677102
-76670248
1221845279
1621584040
-1029446769
1955229468
-1664384551
-1194724041
-1024876359
-1460016839
306169519
1225995652
236133459
-1337784872
192192209
-454135448
-1531784572
1241785748
-843974195
-214776231
878384282
1625724073
-845560011
362698823
-262124718
-343025174
-689189762
-275563608
218536278
-1464303368
471233835
-84906799
663265798
-1251552336
2118254890
-1129158520
-134383494
-1339083035
-243944067
-508806698
1711274695
-80798129
-2008222948
-1084026592
1314528642
-511521854
1504466969
-1557940104
-1961170046
-1927459422
1732595461
319453488
-1197064728
696086677
-541544302
1328236208
-1648791453
-1907124101
1628396409
-1248771447
1783666096
-705186662
977921693
933883337
1443623008
1171112733
1932972400
1948359568
-1435651107
-1918199873
-1697589611
-1166280477
1682198958
909236675
-329431865
-955466305
1108727545
-398365401
1285325304
1134680945
-5956023
1208859416
1625103549
2087828516
1626462609
1624608168
-1545334808
-2030737477
-2053064591
-112495938
-693953418
-1434476063
1221144247
-1203905971
-1763680853
-572566179
1962581799
1407607751
-1031767173
-479403862
-1725763969
1608257236
-1118363860
180819910
-585317707
-450149569
-1216901576
243142474
1682698882
819061808
-583430281
1630995642
1846733091
235725472
1992621693
-1699350498
1330905694
-2033712376
-1657228992
1995360977
-1310842174
-866661797
1705481214
-116852840
-556527565
-793721289
1886461789
257832950
-1676521819
-1949391786
1277725907
1831709373
-1164999385
-852439734
1351642440
-398307352
-1997557981
-1518766487
-1503230472
1298460072
574791140
-208183547
1712723870
1801368252
-110457257
-223236896
-1071320114
-1160566267
103798549
-40854562
1351746722
244142937
-707595616
1085601020
1218587289
-1253771882
910060012
553353344
1526895803
1486781946
-988912863
-2134317198
183891711
779681970
-491005793
1284356170
-1967897871
381890224
848673858
1211728618
-42285425
1783190721
974293734
-1523630130
558159220
1266399198
-240577491
-1833142655
-385654728
-1974607167
1191672447
-1791502510
-592699883
-985352005
141274962
-1056752569
2128555214
-1663934012
1397813163
-101169838
-93566261
410805203
299500771
2089157570
-756084856
-398885520
-90681938
1597597948
-984889808
-314960506
-775171239
-2133758870
-716386684
1965511805
-902238382
-1013244750
1060808706
789723784
175391981
1239486507
-1790506174
185419579
-1035070620
335341708
1262859682
-1308588449
1595024416
1313922534
-843855067
-336521719
1289869622
1733985491
-1783041384
1290959337
331489331
-1150336017
2027655158
-1651945505
1213156636
130428039
1523826957
1068251603